    0.2047    0.9982    0.6185
    0.2405    0.9967    0.5908
    0.2586    0.9955    0.5766
    0.3246    0.9889    0.5253
    0.3334    0.9876    0.5184
    0.3559    0.9840    0.5010
    0.3609    0.9830    0.4971
    0.3630    0.9826    0.4955
    0.3749    0.9803    0.4962
    0.4219    0.9783    0.4497
    0.4270    0.9667    0.4456
    0.5313    0.9203    0.3646
    0.5833    0.8853    0.3441
    0.6570    0.8137    0.2768
    0.6775    0.7893    0.2509
    0.6977    0.7631    0.2351
    0.7465    0.6895    0.1972
    0.8473    0.4846    0.1188
    0.8639    0.4429    0.1058
    0.9370    0.2291    0.0490

    0.0015    0.9993    0.7766
    0.0172    0.9924    0.7644
    0.0221    0.9902    0.7606
    0.0607    0.9730    0.7306
    0.0967    0.9570    0.7026
    0.2216    0.9015    0.6055
    0.3351    0.8511    0.5171
    0.3640    0.8382    0.4946
    0.3714    0.8349    0.4889
    0.4338    0.8072    0.4404
    0.4412    0.8039    0.4346
    0.4520    0.7991    0.4263
    0.4569    0.7970    0.4224
    0.5428    0.7588    0.3556
    0.6024    0.7423    0.3092
    0.6258    0.7219    0.2910
    0.7619    0.6614    0.1852
    0.7781    0.6542    0.1726
    0.8076    0.6411    0.1496
    0.8495    0.6224    0.1170

    0.0054    0.7481    0.7852
    0.1804    0.6790    0.4566
    0.2613    0.6409    0.3724
    0.2970    0.6226    0.3445
    0.3012    0.6204    0.3414
    0.3653    0.5852    0.3015
    0.3769    0.5785    0.2952
    0.4242    0.5499    0.2723
    0.4580    0.5283    0.2581
    0.4774    0.5155    0.2506
    0.5920    0.4320    0.2148
    0.6162    0.4126    0.2087
    0.6181    0.4110    0.2083
    0.6550    0.3802    0.1998
    0.6636    0.3727    0.1979
    0.7642    0.2788    0.1792
    0.8293    0.2107    0.1694
    0.8725    0.1620    0.1637
    0.9184    0.1070    0.1583
    0.9248    0.0990    0.1576

    0.0345    0.9822    0.5014
    0.0417    0.9478    0.4558
    0.1009    0.7887    0.2528
    0.1605    0.7049    0.1555
    0.1720    0.6924    0.1420
    0.2327    0.6379    0.0873
    0.3174    0.5819    0.0412
    0.3796    0.5497    0.0215
    0.4541    0.5174    0.0091
    0.5198    0.4930    0.0061
    0.5422    0.4854    0.0066
    0.5594    0.4797    0.0074
    0.6338    0.4572    0.0156
    0.6438    0.4544    0.0172
    0.7020    0.4388    0.0291
    0.7352    0.4305    0.0376
    0.7829    0.4191    0.0521
    0.8303    0.4085    0.0689
    0.8350    0.4075    0.0707
    0.9388    0.3864    0.1170

    0.0036    0.8998    0.7567
    0.0277    0.7393    0.6545
    0.1052    0.4642    0.3437
    0.1085    0.4577    0.3368
    0.1267    0.4257    0.3038
    0.1528    0.3872    0.2653
    0.1536    0.3861    0.2643
    0.1845    0.3483    0.2287
    0.2068    0.3248    0.2077
    0.2861    0.2579    0.1552
    0.3354    0.2351    0.1345
    0.4168    0.1804    0.1240
    0.4949    0.1450    0.1064
    0.5188    0.1353    0.1061
    0.5806    0.1120    0.1090
    0.6314    0.0948    0.1152
    0.7244    0.0665    0.1347
    0.7839    0.0502    0.1524
    0.8104    0.0433    0.1615
    0.8733    0.0279    0.1864

    0.0384    0.9985    0.5754
    0.0683    0.9953    0.4406
    0.1542    0.9762    0.2635
    0.1953    0.9619    0.2181
    0.2456    0.9397    0.1784
    0.2799    0.9217    0.1583
    0.3054    0.9067    0.1462
    0.3152    0.9106    0.1421
    0.3460    0.8803    0.1310
    0.3550    0.8740    0.1282
    0.3556    0.8736    0.1280
    0.3800    0.8556    0.1214
    0.3884    0.8491    0.1195
    0.4563    0.7918    0.1089
    0.5465    0.7014    0.1068
    0.5856    0.6570    0.1095
    0.8212    0.3257    0.1655
    0.8393    0.2956    0.1724
    0.8515    0.2750    0.1773
    0.8859    0.2151    0.1919

    0.0118    0.9999    0.9999
    0.0315    0.9995    0.9995
    0.1813    0.9671    0.9671
    0.1889    0.9643    0.9643
    0.1998    0.9601    0.9601
    0.2097    0.9560    0.9560
    0.2132    0.9545    0.9545
    0.3988    0.8410    0.8410
    0.5245    0.7249    0.7249
    0.5386    0.7099    0.7099
    0.5879    0.6544    0.6544
    0.6304    0.6026    0.6026
    0.6673    0.5547    0.5547
    0.6991    0.5112    0.5112
    0.7491    0.4389    0.4389
    0.7719    0.4042    0.4042
    0.8087    0.3460    0.3460
    0.8227    0.3231    0.3231
    0.8713    0.2409    0.2409
    0.9291    0.1367    0.1367

    0.0047    0.9988    0.9846
    0.0323    0.9943    0.9975
    0.1424    0.7265    0.9971
    0.3701    0.5542    0.9493
    0.4487    0.5195    0.9096
    0.4920    0.5029    0.8809
    0.4940    0.5022    0.8794
    0.5272    0.4905    0.8535
    0.5299    0.4895    0.8512
    0.5311    0.4891    0.8502
    0.5836    0.4721    0.8013
    0.6527    0.4519    0.7219
    0.6747    0.4460    0.6929
    0.7498    0.4569    0.5785
    0.7502    0.4268    0.5779
    0.7584    0.4349    0.5639
    0.7710    0.4219    0.5417
    0.8723    0.3996    0.3362
    0.8773    0.3986    0.3248
    0.9554    0.3832    0.1280

    0.0335    0.9851    1.0000
    0.1048    0.9534    1.0000
    0.1600    0.9333    0.9999
    0.2078    0.9176    0.9996
    0.2129    0.9054    0.9996
    0.2705    0.8798    0.9986
    0.2741    0.8782    0.9985
    0.3000    0.8667    0.9976
    0.3059    0.8640    0.9973
    0.3186    0.8584    0.9967
    0.3570    0.8413    0.9942
    0.4216    0.8126    0.9867
    0.4383    0.8052    0.9838
    0.6433    0.7141    0.8998
    0.6755    0.6998    0.8594
    0.7321    0.6746    0.7897
    0.7601    0.6622    0.7463
    0.7635    0.6607    0.7406
    0.8043    0.6425    0.6633
    0.8396    0.6268    0.5827

    0.0527    0.2904    1.0000
    0.1552    0.1521    0.9999
    0.1858    0.1319    0.9998
    0.2429    0.1045    0.9992
    0.2633    0.0971    0.9987
    0.2961    0.0872    0.9977
    0.4446    0.0639    0.9826
    0.4665    0.0626    0.9779
    0.4906    0.0618    0.9716
    0.5583    0.0623    0.9458
    0.5994    0.0643    0.9226
    0.6087    0.0650    0.9165
    0.6584    0.0695    0.8263
    0.6785    0.0718    0.8562
    0.6944    0.0738    0.8385
    0.7109    0.0761    0.8185
    0.7783    0.0873    0.7144
    0.8083    0.0933    0.6549
    0.8564    0.1040    0.5392
    0.9308    0.1236    0.3013

    0.0468    0.7418    0.9985
    0.0600    0.7059    0.9467
    0.0958    0.6384    0.9316
    0.2114    0.5312    0.8124
    0.3238    0.4627    0.7363
    0.4100    0.4286    0.6985
    0.4406    0.4182    0.6869
    0.4514    0.4147    0.6830
    0.4963    0.4011    0.6679
    0.5156    0.3956    0.6617
    0.5971    0.3744    0.6382
    0.6312    0.3664    0.6293
    0.7249    0.3464    0.6071
    0.7547    0.3406    0.6007
    0.7653    0.3386    0.5984
    0.7667    0.3383    0.5981
    0.7813    0.3356    0.5951
    0.8493    0.3236    0.5817
    0.9771    0.3033    0.5593
    0.9911    0.3013    0.5570

    0.0317    0.7854    0.7174
    0.0457    0.6542    0.6471
    0.1030    0.5938    0.4906
    0.1345    0.5539    0.4392
    0.1581    0.5309    0.4081
    0.2028    0.4979    0.3602
    0.3129    0.4501    0.2768
    0.3381    0.4435    0.2620
    0.3795    0.4351    0.2397
    0.6450    0.4322    0.1377
    0.6547    0.4334    0.1348
    0.7197    0.4434    0.1166
    0.7630    0.4520    0.1054
    0.7773    0.4551    0.1018
    0.7808    0.4559    0.1009
    0.8675    0.4787    0.0807
    0.8987    0.4884    0.0739
    0.9470    0.5048    0.0638
    0.9717    0.5139    0.0589
    0.9798    0.5170    0.0573

    0.1113    0.2825    0.6278
    0.1570    0.2969    0.6039
    0.1607    0.2981    0.5590
    0.1739    0.3124    0.4974
    0.1879    0.3070    0.4418
    0.1930    0.3087    0.4191
    0.1934    0.3088    0.4122
    0.2136    0.3156    0.4098
    0.3734    0.3719    0.4007
    0.5059    0.4195    0.3970
    0.5557    0.4365    0.3829
    0.6467    0.4650    0.3776
    0.6849    0.4755    0.3643
    0.6900    0.4769    0.3604
    0.7379    0.4882    0.3591
    0.7708    0.4948    0.3589
    0.7921    0.4984    0.3571
    0.8084    0.5009    0.3490
    0.8933    0.5078    0.3356
    0.9093    0.5080    0.3342

    0.1192    0.7198    0.6314
    0.1464    0.6774    0.5820
    0.2358    0.5792    0.4674
    0.2478    0.5690    0.4555
    0.2998    0.5297    0.4096
    0.3308    0.5294    0.3860
    0.3836    0.4789    0.3504
    0.4347    0.4531    0.3203
    0.4893    0.4287    0.2918
    0.5105    0.4200    0.2817
    0.6202    0.3799    0.2349
    0.6323    0.3759    0.2302
    0.6532    0.3692    0.2224
    0.6569    0.3681    0.2211
    0.6642    0.3658    0.2184
    0.6875    0.3787    0.2101
    0.7583    0.3385    0.1865
    0.8412    0.3171    0.1616
    0.8423    0.3168    0.1613
    0.9473    0.2926    0.1330

    0.0511    0.3734    0.9974
    0.0830    0.3431    0.9931
    0.1220    0.3190    0.9851
    0.1467    0.3075    0.9785
    0.2157    0.2834    0.9535
    0.2508    0.2739    0.9371
    0.2915    0.2945    0.9150
    0.3506    0.2530    0.8771
    0.4163    0.2423    0.8267
    0.4497    0.2374    0.7978
    0.5610    0.2236    0.6953
    0.5779    0.2218    0.6660
    0.6267    0.2167    0.6073
    0.7201    0.2080    0.4815
    0.8165    0.2002    0.3333
    0.8391    0.1985    0.2959
    0.8644    0.1966    0.2528
    0.8776    0.1957    0.2299
    0.9056    0.1937    0.1798
    0.9540    0.1904    0.0900