0.1000 0.0100 0.0800
0.1200 0.0189 0.0999
0.1500 0.0225 0.1300
0.2000 0.0400 0.1800
0.2400 0.0576 0.2200
0.3500 0.1225 0.3300
0.4400 0.1936 0.4200
0.5100 0.2601 0.4900
0.5200 0.3011 0.5200
0.5900 0.3481 0.5700
0.6300 0.3969 0.6100
0.6621 0.4231 0.6432
0.6800 0.4624 0.6600
0.7500 0.5625 0.7300
0.7560 0.5629 0.7900
0.8200 0.6724 0.8000
0.8800 0.7120 0.9000
0.8900 0.7921 0.8700
0.9500 0.9025 0.9300
0.9600 0.9216 0.9400


0.0200 0.1414 0.0300
0.0900 0.3000 0.1000
0.2000 0.4472 0.2100
0.2400 0.4899 0.2500
0.2100 0.4583 0.2200
0.2300 0.4796 0.2400
0.2700 0.5196 0.2800
0.3100 0.5568 0.3200
0.3300 0.5745 0.3400
0.4600 0.6782 0.4700
0.4900 0.7000 0.5000
0.5100 0.7141 0.5200
0.5700 0.7550 0.5800
0.6900 0.8307 0.7000
0.7000 0.8367 0.7100
0.7200 0.8485 0.7300
0.8900 0.9434 0.9000
0.9100 0.9539 0.9200
0.9400 0.9695 0.9500
0.9800 0.9899 0.9900



0.1100 0.6710 0.3019
0.1300 0.4955 0.6154
0.1500 0.2192 0.8272
0.2200 0.2978 0.8595
0.2400 0.3193 0.8670
0.2900 0.3715 0.8836
0.4200 0.4996 0.9169
0.4600 0.5373 0.9253
0.4700 0.5466 0.9273
0.5000 0.5743 0.9330
0.6200 0.6822 0.9533
0.6800 0.7345 0.9622
0.7200 0.7689 0.9677
0.7500 0.7944 0.9716
0.8100 0.8449 0.9791
0.8400 0.8698 0.9827
0.8900 0.9110 0.9884
0.9100 0.9273 0.8906
0.9200 0.8355 0.7917
0.9800 0.7840 0.4980


0.1100 0.0013 0.6431
0.1300 0.0022 0.6649
0.1500 0.0034 0.6843
0.1200 0.0017 0.6544
0.2400 0.0138 0.7517
0.4900 0.1176 0.8670
0.3200 0.0328 0.7962
0.4600 0.0973 0.8562
0.4700 0.1038 0.8598
0.5000 0.1250 0.8706
0.6200 0.2383 0.9088
0.6800 0.3144 0.9258
0.6200 0.2383 0.9088
0.7500 0.4219 0.9441
0.8100 0.5314 0.9587
0.7400 0.4052 0.9416
0.8900 0.7050 0.9770
0.8100 0.5314 0.9587
0.9200 0.7787 0.9835
0.9800 0.9412 0.9960


0.1100 0.0000 0.0121
0.1300 0.0000 0.0169
0.1500 0.0001 0.0225
0.1200 0.0000 0.0144
0.2400 0.0008 0.0576
0.4900 0.0282 0.2401
0.3200 0.0034 0.1024
0.4600 0.0206 0.2116
0.4700 0.0229 0.2209
0.5000 0.0313 0.2500
0.6200 0.0916 0.3844
0.6800 0.1454 0.4624
0.6200 0.0916 0.3844
0.7500 0.2373 0.5625
0.8100 0.3487 0.6561
0.7400 0.2219 0.5476
0.8900 0.5584 0.7921
0.9100 0.6240 0.8281
0.9200 0.6591 0.8464
0.9800 0.9039 0.9604


0.1200 0.0017 0.0300
0.0800 0.0005 0.2300
0.2800 0.0220 0.4300
0.0300 0.0012 0.1200
0.0900 0.0007 0.2400
0.3400 0.0393 0.4900
0.1700 0.0049 0.3200
0.3100 0.0298 0.4600
0.3200 0.0328 0.4700
0.3500 0.0429 0.5000
0.4700 0.1038 0.6200
0.5300 0.1489 0.6800
0.4700 0.1038 0.6200
0.6000 0.2160 0.7500
0.6600 0.2875 0.8100
0.5900 0.2054 0.7400
0.7400 0.4052 0.8900
0.7600 0.4390 0.9100
0.7700 0.4565 0.9200
0.8300 0.5718 0.9800


0.0011 0.1200 0.0300
0.0022 0.0200 0.1300
0.0122 0.0800 0.2300
0.0429 0.2000 0.3500
0.0593 0.2400 0.3900
0.0795 0.2800 0.4300
0.0911 0.3000 0.4500
0.0973 0.3100 0.4600
0.1038 0.3200 0.4700
0.1250 0.3500 0.5000
0.2383 0.4700 0.6200
0.3144 0.5300 0.6800
0.2383 0.4700 0.6200
0.4219 0.6000 0.7500
0.5314 0.6600 0.8100
0.4052 0.5900 0.7400
0.7050 0.7400 0.8900
0.7536 0.7600 0.9100
0.7787 0.7700 0.9200
0.9412 0.8300 0.9800



0.0300 0.0100 0.0000
0.1300 0.1100 0.0013
0.2300 0.2100 0.0093
0.3500 0.3300 0.0359
0.3900 0.3700 0.0507
0.4300 0.4100 0.0689
0.4500 0.4300 0.0795
0.4600 0.4400 0.0852
0.4700 0.4500 0.0911
0.5000 0.4800 0.1106
0.6200 0.6000 0.2160
0.6800 0.6600 0.2875
0.6200 0.6000 0.2160
0.7500 0.7300 0.3890
0.8100 0.7900 0.4930
0.7400 0.7200 0.3732
0.8900 0.8700 0.6585
0.9100 0.8900 0.7050
0.9200 0.9000 0.7290
0.9800 0.9600 0.8847


0.0000 0.0200 0.0023
0.0526 0.0326 0.0044
0.1053 0.0853 0.0056
0.1579 0.1379 0.0076
0.2105 0.1905 0.0129
0.2632 0.2432 0.0144
0.3158 0.2958 0.0259
0.3684 0.3484 0.0423
0.4211 0.4011 0.0645
0.4737 0.4537 0.0934
0.5263 0.4763 0.1298
0.5789 0.5589 0.2146
0.6316 0.6616 0.2287
0.6842 0.6642 0.2930
0.7368 0.7168 0.3684
0.7895 0.7695 0.4556
0.8421 0.8221 0.5556
0.8947 0.8747 0.6693
0.9474 0.9274 0.8975
1.0000 0.9800 0.9412


0.9800 0.9960 0.9960
0.8700 0.9725 0.9761
0.7700 0.9491 0.9605
0.7650 0.9478 0.9598
0.6540 0.9186 0.9460
0.6210 0.9091 0.9425
0.5410 0.8844 0.9357
0.5220 0.8781 0.9344
0.6800 0.9258 0.9489
0.6410 0.9149 0.9446
0.5400 0.8841 0.9356
0.4100 0.8367 0.9295
0.3900 0.8283 0.9292
0.3200 0.7962 0.9297
0.2900 0.7807 0.9307
0.2500 0.7579 0.9330
0.2100 0.7319 0.9366
0.1700 0.7016 0.9415
0.1300 0.6649 0.9483
0.0200 0.4573 0.9845


0.9800 0.9412 0.9423
0.8700 0.6585 0.6953
0.7700 0.4565 0.5468
0.7650 0.4477 0.5408
0.6540 0.2797 0.4347
0.6210 0.2395 0.4117
0.5410 0.1583 0.3690
0.5220 0.1422 0.3613
0.6800 0.3144 0.4553
0.6410 0.2634 0.4252
0.5400 0.1575 0.3685
0.4100 0.0689 0.3340
0.3900 0.0593 0.3323
0.3200 0.0328 0.3349
0.2900 0.0244 0.3406
0.2500 0.0156 0.3536
0.2100 0.0093 0.3741
0.1700 0.0049 0.4051
0.1300 0.0022 0.4513
0.0200 0.0000 0.7908


0.9800 0.9604 0.9804
0.8700 0.7569 0.8859
0.7700 0.5929 0.8177
0.7650 0.5852 0.8147
0.6540 0.4277 0.7575
0.6210 0.3856 0.7439
0.5410 0.2927 0.7172
0.5220 0.2725 0.7122
0.6800 0.4624 0.7693
0.6410 0.4109 0.7520
0.5400 0.2916 0.7170
0.4100 0.1681 0.6938
0.3900 0.1521 0.6927
0.3200 0.1024 0.6945
0.2900 0.0841 0.6984
0.2500 0.0625 0.7071
0.2100 0.0441 0.7206
0.1700 0.0289 0.7399
0.1300 0.0169 0.7670
0.0200 0.0004 0.9247


0.4800 0.2304 0.8444
0.8700 0.7569 0.9000
0.7700 0.5929 0.8564
0.7650 0.5852 0.8549
0.6540 0.4277 0.8339
0.6210 0.3856 0.8322
0.5410 0.2927 0.8354
0.5220 0.2725 0.8377
0.6800 0.4624 0.8367
0.6410 0.4109 0.8330
0.5400 0.2916 0.8355
0.4100 0.1681 0.8608
0.3900 0.1521 0.8666
0.3200 0.1024 0.8899
0.2900 0.0841 0.9011
0.2500 0.0625 0.9170
0.2100 0.0441 0.9335
0.1700 0.0289 0.9501
0.1300 0.0169 0.9661
0.0200 0.0004 0.9984


0.4800 0.8024 0.7023
0.8700 0.9591 0.9230
0.7700 0.9246 0.8650
0.7650 0.9228 0.8622
0.6540 0.8804 0.7991
0.6210 0.8668 0.7805
0.5410 0.8317 0.7360
0.5220 0.8228 0.7255
0.6800 0.8907 0.8137
0.6410 0.8751 0.7918
0.5400 0.8312 0.7354
0.4100 0.7653 0.6640
0.3900 0.7539 0.6532
0.3200 0.7105 0.6153
0.2900 0.6898 0.5991
0.2500 0.6598 0.5777
0.2100 0.6261 0.5564
0.1700 0.5877 0.5354
0.1300 0.5422 0.5149
0.0200 0.3092 0.4839


0.0200 0.3092 0.4839
0.0120 0.2653 0.4946
0.2430 0.6542 0.5739
0.3020 0.6982 0.6056
0.3400 0.7235 0.6261
0.3500 0.7298 0.6315
0.4010 0.7602 0.6591
0.4100 0.7653 0.6640
0.4300 0.7763 0.6750
0.4500 0.7870 0.6859
0.5600 0.8403 0.7465
0.6600 0.8828 0.8024
0.6870 0.8935 0.8177
0.7120 0.9031 0.8319
0.7430 0.9147 0.8496
0.7650 0.9228 0.8622
0.8540 0.9538 0.9136
0.8770 0.9614 0.9271
0.9850 0.9955 0.9910
0.9980 0.9994 0.9988